100 workers
10000 requests

cpu:     600m                                                                                                                                                                                            │
memory:  200Mi

total time: 51.90250875s

mean: 517.305686ms
maxDur: 1.534211583s
minDur: 141.456666ms
stddev: 3.592083ms
