50 workers
1000 requests

cpu:     600m                                                                                                                                                                                            │
memory:  200Mi

total time: 18.21017475s

mean: 890.830278ms
maxDur: 2.362597458s
minDur: 201.442167ms
stddev: 94.048934ms
